[{"id": 0, "img_name": "r_0.png", "width": 400, "height": 400, "position": [-2.9946925413047834, -1.28351847774403, 3.0644923107638475], "rotation": [[-0.5599218265324456, -0.11840392134877652, 0.8200414986949153], [0.7200617451603037, 0.42007715346601493, 0.5523099386147128], [-0.40987636102764885, 0.8997309022953046, -0.14995223281301812]], "fy": 549.4611100351103, "fx": 548.991135942836}, {"id": 1, "img_name": "r_16.png", "width": 400, "height": 400, "position": [-1.3016649713233106, 2.46731338117922, -1.4968971166095666], "rotation": [[0.8778541186470807, -0.16710244112675754, 0.4488306145349664], [0.3122709733309014, 0.9102615826812598, -0.2718652061400636], [-0.3631239259389672, 0.37881476378843315, 0.8512581213395765]], "fy": 549.4611100351103, "fx": 548.991135942836}, {"id": 2, "img_name": "r_23.png", "width": 400, "height": 400, "position": [-2.850594284990824, 1.3086522147278559, -0.40208823991042436], "rotation": [[0.448499644998947, -0.41652796227956407, 0.7907923400457624], [0.6965895363143322, 0.7172618839276054, -0.0172744829736235], [-0.5600098984243062, 0.5586052689546138, 0.6118407204190821]], "fy": 549.4611100351103, "fx": 548.991135942836}, {"id": 3, "img_name": "r_31.png", "width": 400, "height": 400, "position": [-0.8466440515957793, -0.25172435247162844, -1.6043974083426036], "rotation": [[0.712633962785586, -0.6076711511272025, 0.3505547135216589], [0.5150434772537891, 0.7924675579366719, 0.3266885154948263], [-0.4763224240184767, -0.05225841277371722, 0.8777163588947937]], "fy": 549.4611100351103, "fx": 548.991135942836}, {"id": 4, "img_name": "r_39.png", "width": 400, "height": 400, "position": [-1.4484851907013305, -1.766351761502871, -0.22128137559711888], "rotation": [[-0.5020466385412622, -0.7172798653690206, 0.48317571075708965], [0.7464919554795771, -0.07730371979223863, 0.6608887162832788], [-0.4366908896847932, 0.6924837396231645, 0.5742537219938771]], "fy": 549.4611100351103, "fx": 548.991135942836}, {"id": 5, "img_name": "r_46.png", "width": 400, "height": 400, "position": [2.9066496329656686, 0.6809563242012231, -1.5677501287314206], "rotation": [[0.566221894048964, 0.6721807032374056, -0.47703864507487287], [-0.7151741997820672, 0.6883765631040183, 0.12109323406028587], [0.4097787581923732, 0.2726000909104143, 0.8705001779264324]], "fy": 549.4611100351103, "fx": 548.991135942836}, {"id": 6, "img_name": "r_53.png", "width": 400, "height": 400, "position": [-1.164113763198424, 4.355284474991768, -0.3590558469983618], "rotation": [[0.9056103247002802, 0.07361592355756945, 0.41767288108640627], [0.2601950818780114, 0.6812625257605159, -0.6842367209971248], [-0.33491560005880305, 0.7283282685665636, 0.5978038759025265]], "fy": 549.4611100351103, "fx": 548.991135942836}, {"id": 7, "img_name": "r_60.png", "width": 400, "height": 400, "position": [-3.7429404739684045, 1.5622472171442017, 1.6856745165920584], "rotation": [[0.14851864266197295, -0.07898218526427464, 0.9857504893190389], [0.7990893692407217, 0.5968156319765223, -0.07257603871064841], [-0.5825790871189167, 0.7984816314977722, 0.1517520721846838]], "fy": 549.4611100351103, "fx": 548.991135942836}, {"id": 8, "img_name": "r_68.png", "width": 400, "height": 400, "position": [3.9504574840408666, -1.6470503976469255, 0.9484585378530338], "rotation": [[-0.3926559467902405, 0.5888629607969338, -0.706443006088763], [-0.7212628349157044, 0.27941603719000624, 0.6338032826756217], [0.5706147828611001, 0.7583977133157125, 0.31501059985003316]], "fy": 549.4611100351103, "fx": 548.991135942836}, {"id": 9, "img_name": "r_75.png", "width": 400, "height": 400, "position": [-3.4563005888791114, -0.3703498078152611, 3.2089592929616337], "rotation": [[-0.3930661314233341, -0.025615133132550413, 0.9191533502536426], [0.7854012450037733, 0.510469246653084, 0.3500943195311165], [-0.4781672308663743, 0.859514405449981, -0.18053001453926878]], "fy": 549.4611100351103, "fx": 548.991135942836}, {"id": 10, "img_name": "r_82.png", "width": 400, "height": 400, "position": [-1.2012436087732479, -1.4251083306890102, -0.7454638058870567], "rotation": [[-0.27585952235179223, -0.8604696604658252, 0.4283613980573734], [0.8105036236351564, 0.031333210822088405, 0.5848949529392938], [-0.5167062995572252, 0.5085373076947308, 0.6887702132645354]], "fy": 549.4611100351103, "fx": 548.991135942836}, {"id": 11, "img_name": "r_9.png", "width": 400, "height": 400, "position": [-2.559363962080412, 2.4898474792956287, -0.48893531398927376], "rotation": [[0.6527423533768446, -0.21729088917361764, 0.7257493297208045], [0.5659858663814329, 0.7766583873705141, -0.276517175566892], [-0.5035746411054841, 0.591258335086425, 0.6299413957078163]], "fy": 549.4611100351103, "fx": 548.991135942836}, {"id": 12, "img_name": "r_97.png", "width": 400, "height": 400, "position": [-2.085256713131389, 2.6603221879506695, -0.8896133709845284], "rotation": [[0.7588975650520259, -0.19536514204609395, 0.621214091140418], [0.46944340736929335, 0.8252613317637774, -0.31395321557993944], [-0.45132845360736334, 0.5298831904946465, 0.7180016931704275]], "fy": 549.4611100351103, "fx": 548.991135942836}, {"id": 13, "img_name": "r_1.png", "width": 400, "height": 400, "position": [-3.6100954368199147, -0.12156385856994799, 2.227560243504056], "rotation": [[-0.23504929677006378, -0.18433952452061947, 0.954343108000163], [0.8150469078465663, 0.4975717315414226, 0.29685166326066165], [-0.5295756471908895, 0.8476091738946568, 0.03329147386296277]], "fy": 549.4611100351103, "fx": 548.991135942836}, {"id": 14, "img_name": "r_10.png", "width": 400, "height": 400, "position": [0.3111319459013931, 4.344978055243129, -0.8743810114442655], "rotation": [[0.9880457614482774, 0.12218789529090457, 0.0939983591796817], [-0.023972285977099432, 0.7241021998120281, -0.6892759489003035], [-0.15228559613149784, 0.6787828242315509, 0.7183752325485017]], "fy": 549.4611100351103, "fx": 548.991135942836}, {"id": 15, "img_name": "r_11.png", "width": 400, "height": 400, "position": [-1.5638704953339915, -2.345164378186848, 0.7894504707057975], "rotation": [[-0.734587319688031, -0.45042740530039665, 0.5074412501047846], [0.6077653247196421, -0.10430094247013602, 0.7872373361752284], [-0.30166667005485115, 0.8866997608853818, 0.3503723080150943]], "fy": 549.4611100351103, "fx": 548.991135942836}, {"id": 16, "img_name": "r_12.png", "width": 400, "height": 400, "position": [-1.9368136233296274, -1.50767764070854, -0.06799222845979017], "rotation": [[-0.3611658285355372, -0.7225291615749533, 0.5895005131227908], [0.7926077967263581, 0.09517719103712029, 0.6022575718701024], [-0.49125566140944044, 0.6847575578115793, 0.5383074977678602]], "fy": 549.4611100351103, "fx": 548.991135942836}, {"id": 17, "img_name": "r_13.png", "width": 400, "height": 400, "position": [5.054148232428658, 0.5938963183105184, 1.1435980142177564], "rotation": [[0.042990893052071266, 0.30357261150394, -0.9518379340304014], [-0.8191117157140863, 0.5561891523374584, 0.14039096837783108], [0.5720207865930317, 0.7736260701183856, 0.27257095101766005]], "fy": 549.4611100351103, "fx": 548.991135942836}, {"id": 18, "img_name": "r_14.png", "width": 400, "height": 400, "position": [-1.172624090684176, 0.5118080688419135, -1.6795616162092002], "rotation": [[0.772561547553354, -0.4748546154135664, 0.4214994062420499], [0.45299633588790433, 0.8773738594874566, 0.15814370161412655], [-0.4449078274363126, 0.06876194375175039, 0.8929327075302939]], "fy": 549.4611100351103, "fx": 548.991135942836}, {"id": 19, "img_name": "r_15.png", "width": 400, "height": 400, "position": [-0.11790750620180449, -3.1399334884191488, 3.2354443806469497], "rotation": [[-0.9799962703808301, 0.0597502705923733, 0.18983470495091376], [0.197647232673233, 0.1805254698886668, 0.9635072008750577], [0.023299816657544777, 0.9817537674415179, -0.18872376283369957]], "fy": 549.4611100351103, "fx": 548.991135942836}, {"id": 20, "img_name": "r_17.png", "width": 400, "height": 400, "position": [3.999821103091984, -1.9218022898303644, 2.6233760923704312], "rotation": [[-0.6145410324805981, 0.3276662973081416, -0.7176169709573856], [-0.5945086130247708, 0.40558370886344774, 0.6943063906834888], [0.5185545568568882, 0.8533092362754212, -0.05444739525462805]], "fy": 549.4611100351103, "fx": 548.991135942836}, {"id": 21, "img_name": "r_18.png", "width": 400, "height": 400, "position": [0.6868164302381077, -2.0891875359033136, -0.7077338468821036], "rotation": [[-0.8621311701599439, 0.5065223685239415, 0.012842726483989722], [-0.3367918734074728, -0.5918082617082043, 0.7323484248502202], [0.3785512903759952, 0.6270550785687093, 0.6808089665947847]], "fy": 549.4611100351103, "fx": 548.991135942836}, {"id": 22, "img_name": "r_19.png", "width": 400, "height": 400, "position": [4.572832164694683, -1.079968967017605, 1.7163528040646991], "rotation": [[-0.34612519590734486, 0.403085790085092, -0.8471830938997655], [-0.7389625263127741, 0.43922891409771747, 0.5108936736014471], [0.5780412904486532, 0.8028697321807674, 0.14583709982181745]], "fy": 549.4611100351103, "fx": 548.991135942836}, {"id": 23, "img_name": "r_2.png", "width": 400, "height": 400, "position": [-0.1349111513300692, 3.8664015607858775, -1.2072172597613764], "rotation": [[0.9782257956710598, 0.07741288200375278, 0.19256567291081425], [0.05025809863082969, 0.8118610879645443, -0.5816835027495967], [-0.20136637307588243, 0.5786957918880172, 0.7902928344894474]], "fy": 549.4611100351103, "fx": 548.991135942836}, {"id": 24, "img_name": "r_20.png", "width": 400, "height": 400, "position": [4.40840282317923, -0.17306712356867068, 0.0983997006293206], "rotation": [[0.042069181404483146, 0.5887141595627122, -0.8072458252021659], [-0.8186175615720264, 0.4835175419606996, 0.3099614080851876], [0.5727961870175338, 0.6477857863110711, 0.502272936949147]], "fy": 549.4611100351103, "fx": 548.991135942836}, {"id": 25, "img_name": "r_21.png", "width": 400, "height": 400, "position": [1.220968368285374, 0.3763944140434561, -2.0526033627706206], "rotation": [[0.8611705422005882, 0.4974007338581077, -0.10477503139279222], [-0.47396589891405794, 0.8602185202666366, 0.18809684754633013], [0.1836889324715393, -0.11232367224986117, 0.9765458354525771]], "fy": 549.4611100351103, "fx": 548.991135942836}, {"id": 26, "img_name": "r_22.png", "width": 400, "height": 400, "position": [0.886626739983337, -3.3135536286671297, 2.2044219491744195], "rotation": [[-0.9821792383147249, 0.18523961888073015, -0.031784074950007915], [-0.03815910252872993, -0.030951215560780836, 0.9987922232123713], [0.18403213501371918, 0.9822058368041963, 0.03746821893365578]], "fy": 549.4611100351103, "fx": 548.991135942836}, {"id": 27, "img_name": "r_24.png", "width": 400, "height": 400, "position": [1.3742963429741446, 2.6496625884920384, -1.8864717260902601], "rotation": [[0.9542052124005428, 0.26464505744670785, -0.13948263761724375], [-0.29604610337841564, 0.9023914853191072, -0.3131234770789825], [0.04300136395617109, 0.3400773453092757, 0.9394137969528148]], "fy": 549.4611100351103, "fx": 548.991135942836}, {"id": 28, "img_name": "r_25.png", "width": 400, "height": 400, "position": [2.2916825903068956, -3.0198393687491327, 2.8932327074777073], "rotation": [[-0.8943865506359353, 0.29110961493531223, -0.33959960267021444], [-0.2829091693249899, 0.21991229194683504, 0.9335957292975016], [0.34646082022848906, 0.9310713055093602, -0.11432901689290557]], "fy": 549.4611100351103, "fx": 548.991135942836}, {"id": 29, "img_name": "r_27.png", "width": 400, "height": 400, "position": [-2.692555712876236, -1.500383352884763, 1.186510408823266], "rotation": [[-0.4508759687653095, -0.47527994737858514, 0.7555261957137909], [0.7672026499411589, 0.2262542603969583, 0.6001742276835029], [-0.45619179597314957, 0.8502458357863536, 0.2626234262489877]], "fy": 549.4611100351103, "fx": 548.991135942836}, {"id": 30, "img_name": "r_28.png", "width": 400, "height": 400, "position": [4.219537578223997, -0.6171916267976685, 0.1284734963626099], "rotation": [[-0.05465211487154284, 0.639947145122396, -0.7664729595946375], [-0.8113992111739335, 0.4189078512301849, 0.4076119874145356], [0.581931668193428, 0.6441924119604363, 0.4963584087392996]], "fy": 549.4611100351103, "fx": 548.991135942836}, {"id": 31, "img_name": "r_29.png", "width": 400, "height": 400, "position": [2.329360883102713, 2.82745551813428, -1.5604031823565798], "rotation": [[0.8738581574527555, 0.3375263205412388, -0.34992556865020336], [-0.45662658404595446, 0.8169055300841177, -0.35235992629768464], [0.1669253827187411, 0.4676979130377638, 0.8679830521066192]], "fy": 549.4611100351103, "fx": 548.991135942836}, {"id": 32, "img_name": "r_3.png", "width": 400, "height": 400, "position": [0.8998070195439714, 0.7789290429075361, -2.1364235180069966], "rotation": [[0.9444187668401686, 0.32695483192606295, -0.034259753651994004], [-0.3223162784494829, 0.9414173698858465, 0.09922475660686063], [0.06469474079529784, -0.08266724597696039, 0.9944750961969907]], "fy": 549.4611100351103, "fx": 548.991135942836}, {"id": 33, "img_name": "r_30.png", "width": 400, "height": 400, "position": [0.8607422944113047, -2.7106417633612474, 0.13021015368595706], "rotation": [[-0.939675052372436, 0.3410790902966121, -0.02599711736510898], [-0.19023994192230723, -0.4579227536173394, 0.8683982474745737], [0.2842878126938559, 0.8209578587734874, 0.4951854538168443]], "fy": 549.4611100351103, "fx": 548.991135942836}, {"id": 34, "img_name": "r_32.png", "width": 400, "height": 400, "position": [-1.9159573198984432, 3.9197941152726545, -0.1567328245893037], "rotation": [[0.8118595797096388, 0.018937983483419282, 0.5835455214593548], [0.40909441041544103, 0.6946479599337324, -0.5916975368604692], [-0.41656426419045034, 0.719100524642755, 0.5562091776103513]], "fy": 549.4611100351103, "fx": 548.991135942836}, {"id": 35, "img_name": "r_33.png", "width": 400, "height": 400, "position": [3.0144779101930883, -1.2934729510853527, -0.6275588429846451], "rotation": [[-0.1183463402361679, 0.8575107756939984, -0.5006689658061322], [-0.802374688761047, 0.21445192252405504, 0.556960709351521], [0.5849692321723577, 0.4676383672181033, 0.6626653415693842]], "fy": 549.4611100351103, "fx": 548.991135942836}, {"id": 36, "img_name": "r_34.png", "width": 400, "height": 400, "position": [-3.4048530658116603, 0.5071103330217176, 0.6647289713987027], "rotation": [[0.09837542255458487, -0.39707853442296176, 0.9124970760159833], [0.8092731191863004, 0.5655461759115695, 0.1588538368257943], [-0.5791366805855787, 0.722832041633679, 0.3769808281438254]], "fy": 549.4611100351103, "fx": 548.991135942836}, {"id": 37, "img_name": "r_35.png", "width": 400, "height": 400, "position": [-3.0266286065796097, 2.2511819490707783, 0.05030039126605767], "rotation": [[0.5155590152209139, -0.21618600830312262, 0.8291335909480471], [0.661136047246158, 0.7159113960836203, -0.22443261792646754], [-0.5450669948328989, 0.6638783644400259, 0.5120229373497526]], "fy": 549.4611100351103, "fx": 548.991135942836}, {"id": 38, "img_name": "r_36.png", "width": 400, "height": 400, "position": [3.341249440763884, -1.1162019328907482, -0.5048697821604562], "rotation": [[-0.08369109505089373, 0.8154279005575845, -0.5727766926136503], [-0.80829234419018, 0.28062032465286985, 0.5176057570345033], [0.5828029572100036, 0.5062900081810501, 0.6356187069960314]], "fy": 549.4611100351103, "fx": 548.991135942836}, {"id": 39, "img_name": "r_37.png", "width": 400, "height": 400, "position": [0.3024290500401606, -2.186636329602004, -0.5678604011695612], "rotation": [[-0.9824516817107911, 0.15899037142293873, 0.09752309930695405], [-0.031410423122815695, -0.6564280574715583, 0.7537344298115628], [0.1838534155866671, 0.7374444163182144, 0.6499028038239288]], "fy": 549.4611100351103, "fx": 548.991135942836}, {"id": 40, "img_name": "r_38.png", "width": 400, "height": 400, "position": [-3.658831848114483, 0.5202356933287114, 1.4764447099503397], "rotation": [[-0.01572776276955068, -0.25191105180497836, 0.9676225811011101], [0.8217623771810163, 0.5480503716414152, 0.15603648801966757], [-0.5696132309980783, 0.7976099373266462, 0.19839141853848893]], "fy": 549.4611100351103, "fx": 548.991135942836}, {"id": 41, "img_name": "r_4.png", "width": 400, "height": 400, "position": [0.08303105558250701, -3.04206592868362, 3.7448140657391713], "rotation": [[-0.9847854821224674, 0.09465859585075917, 0.14573024542757804], [0.16731228244713772, 0.2899168575270221, 0.9423135443492179], [0.04694842215824395, 0.9523591580665455, -0.30134345804021073]], "fy": 549.4611100351103, "fx": 548.991135942836}, {"id": 42, "img_name": "r_40.png", "width": 400, "height": 400, "position": [-3.1321507490715086, 2.1906300130111656, 0.20547621499540206], "rotation": [[0.4789112426079773, -0.20908040910189635, 0.8526015506867594], [0.6818215278710955, 0.7003557435057263, -0.21123739410924888], [-0.5529587921673803, 0.6824860548526428, 0.4779637633717298]], "fy": 549.4611100351103, "fx": 548.991135942836}, {"id": 43, "img_name": "r_41.png", "width": 400, "height": 400, "position": [-3.2592669263805525, -0.7520338942343038, 3.3009067181394363], "rotation": [[-0.47700819648827847, -0.04025975459999969, 0.8779762711158816], [0.7586298660154785, 0.48554105635343336, 0.4344313628003038], [-0.44378362618773715, 0.8732863417887283, -0.2010648113741511]], "fy": 549.4611100351103, "fx": 548.991135942836}, {"id": 44, "img_name": "r_42.png", "width": 400, "height": 400, "position": [-2.6907948220492592, -1.383823037971035, 3.849278801480668], "rotation": [[-0.6574383630776872, 0.014728868113305961, 0.7533643601855828], [0.6676031468571534, 0.47499578920922647, 0.5733105951750154], [-0.3494006826841611, 0.8798647968168777, -0.32211349282859514]], "fy": 549.4611100351103, "fx": 548.991135942836}, {"id": 45, "img_name": "r_43.png", "width": 400, "height": 400, "position": [2.8627459754136395, -1.7179145295215295, -0.344428218129404], "rotation": [[-0.30319080847658114, 0.8307975459019753, -0.46674486754389927], [-0.7547162245672179, 0.08968589621651202, 0.6498921913631871], [0.5817892694355246, 0.5493012631908798, 0.5998244478400178]], "fy": 549.4611100351103, "fx": 548.991135942836}, {"id": 46, "img_name": "r_44.png", "width": 400, "height": 400, "position": [-0.011368734133534135, 1.0117477669752215, -2.0928150167022634], "rotation": [[0.9860133687638805, -0.0071846321111494246, 0.16651131397094773], [-0.0008669625294781872, 0.9988358036620307, 0.04823158403782727], [-0.16666398829644202, -0.047701345727903265, 0.9848592268039482]], "fy": 549.4611100351103, "fx": 548.991135942836}, {"id": 47, "img_name": "r_45.png", "width": 400, "height": 400, "position": [-2.9162468364170655, 0.9006223113118772, -0.2979211959033817], "rotation": [[0.35225664688076597, -0.4772878405579904, 0.8050537696227561], [0.7401404103463044, 0.6685330774524533, 0.07249618834363619], [-0.5728066233038192, 0.5703155631818604, 0.5887552383561733]], "fy": 549.4611100351103, "fx": 548.991135942836}, {"id": 48, "img_name": "r_47.png", "width": 400, "height": 400, "position": [-0.46140935443666503, -2.037550833299868, -0.521904443248983], "rotation": [[-0.846580661367319, -0.4611228015755395, 0.2658325519307195], [0.4921732038515142, -0.48804119353569353, 0.7208199017943331], [-0.20264925662190056, 0.7410678479595385, 0.6401185230183621]], "fy": 549.4611100351103, "fx": 548.991135942836}, {"id": 49, "img_name": "r_48.png", "width": 400, "height": 400, "position": [1.2049562505944897, -0.73003905832716, -1.6861057399095716], "rotation": [[0.5590177200608363, 0.8229845543187176, -0.10097332326315724], [-0.7204417254523262, 0.5423893983904488, 0.43217758009980334], [0.4104423332031667, -0.168849530252437, 0.8961176972073881]], "fy": 549.4611100351103, "fx": 548.991135942836}, {"id": 50, "img_name": "r_49.png", "width": 400, "height": 400, "position": [1.6304397603701903, -2.041519033863113, -0.6309366955455795], "rotation": [[-0.5378495302359819, 0.8201068235051482, -0.19530151270594284], [-0.6447559930836073, -0.2509023780134589, 0.7220371916251703], [0.5431460137087498, 0.5142691851039561, 0.6637165155733339]], "fy": 549.4611100351103, "fx": 548.991135942836}, {"id": 51, "img_name": "r_5.png", "width": 400, "height": 400, "position": [-1.8728200618048367, 1.6244456260298201, -1.319635308042088], "rotation": [[0.734329030394542, -0.36043902117932325, 0.5751909136374662], [0.49285441670511654, 0.8657839657703134, -0.08667553604846073], [-0.466749824910595, 0.3471337445802699, 0.813414263656354]], "fy": 549.4611100351103, "fx": 548.991135942836}, {"id": 52, "img_name": "r_50.png", "width": 400, "height": 400, "position": [-1.606510860869421, -2.6405561044495465, 2.0040068728979907], "rotation": [[-0.8227469284620562, -0.23631139936955944, 0.516956878505598], [0.5213703906223841, 0.04851876830017407, 0.8519500248869628], [-0.22640761358336337, 0.9704652758603134, 0.08328709900609951]], "fy": 549.4611100351103, "fx": 548.991135942836}, {"id": 53, "img_name": "r_51.png", "width": 400, "height": 400, "position": [-3.7646199636721325, 0.6826010046072266, 2.0182380467279377], "rotation": [[-0.05479092680883273, -0.13313905274489904, 0.9895817030309424], [0.8230910119718848, 0.5550331327415571, 0.12024727676829695], [-0.565260241261074, 0.821104265116973, 0.07917477790425727]], "fy": 549.4611100351103, "fx": 548.991135942836}, {"id": 54, "img_name": "r_52.png", "width": 400, "height": 400, "position": [0.4602906148154936, 3.5693175261971564, -1.491670337566997], "rotation": [[0.9901962473783089, 0.1255174522070888, 0.06129242097809301], [-0.0761311379844291, 0.8528474036632807, -0.5165804447460214], [-0.11711294337992884, 0.5068497560976453, 0.8540420851671462]], "fy": 549.4611100351103, "fx": 548.991135942836}, {"id": 55, "img_name": "r_54.png", "width": 400, "height": 400, "position": [-2.6723648047966067, 2.1454328872031345, -0.48390216271143693], "rotation": [[0.5997712437382411, -0.27646159681193444, 0.750895092987615], [0.6062786896783702, 0.7694392914285149, -0.20097096120550312], [-0.5222074354378363, 0.5757882964199434, 0.6291003354626807]], "fy": 549.4611100351103, "fx": 548.991135942836}, {"id": 56, "img_name": "r_55.png", "width": 400, "height": 400, "position": [4.87414877393491, 1.2380136525493317, 0.5334023771698472], "rotation": [[0.2420900717086314, 0.32739525307247924, -0.9133480965358809], [-0.8058925972239416, 0.5920601454608944, -0.0013805420943922098], [0.5403050239630939, 0.7363946852214726, 0.40717729388782065]], "fy": 549.4611100351103, "fx": 548.991135942836}, {"id": 57, "img_name": "r_56.png", "width": 400, "height": 400, "position": [-0.6359547695764785, -0.9855541440604684, -1.322768564644844], "rotation": [[0.34161318619502945, -0.889088089096757, 0.304668345654676], [0.7447663301489945, 0.4538170763889479, 0.48925777934968634], [-0.5732569620109981, 0.05976981683144743, 0.8171927707107158]], "fy": 549.4611100351103, "fx": 548.991135942836}, {"id": 58, "img_name": "r_57.png", "width": 400, "height": 400, "position": [-1.2094526687430536, -2.1618510826577615, 0.08765333871641207], "rotation": [[-0.712890986506087, -0.5537731684814567, 0.4302577358146924], [0.6251156153600218, -0.2237426210591088, 0.7477765086940489], [-0.3178315729933681, 0.8020439622561897, 0.5056763528354408]], "fy": 549.4611100351103, "fx": 548.991135942836}, {"id": 59, "img_name": "r_58.png", "width": 400, "height": 400, "position": [-1.9845209801928998, 0.6844381529256068, -1.2128425707046528], "rotation": [[0.5737808385707227, -0.5571180760908453, 0.6003290752428319], [0.6239245591438766, 0.7721755645731685, 0.1202623880239692], [-0.530559792847326, 0.3055557997632242, 0.790659192980679]], "fy": 549.4611100351103, "fx": 548.991135942836}, {"id": 60, "img_name": "r_59.png", "width": 400, "height": 400, "position": [1.6201275052363637, -3.2333450426267447, 2.209445927372173], "rotation": [[-0.9379739839768855, 0.28812309814241305, -0.19284679333436341], [-0.194981452310245, 0.02156104049644164, 0.9805699132584573], [0.28668281887395514, 0.957350615944612, 0.03595496506680079]], "fy": 549.4611100351103, "fx": 548.991135942836}, {"id": 61, "img_name": "r_6.png", "width": 400, "height": 400, "position": [3.5469029407662513, -1.4166272666713926, -0.00798399844503012], "rotation": [[-0.23448566978695623, 0.7501149232871284, -0.6183397711020276], [-0.7760606424013393, 0.23862224791742104, 0.5837716181131604], [0.5854454286952652, 0.6167552388596163, 0.5261811716120548]], "fy": 549.4611100351103, "fx": 548.991135942836}, {"id": 62, "img_name": "r_61.png", "width": 400, "height": 400, "position": [-2.2213508123481702, -1.901525979631867, 0.9436747543687058], "rotation": [[-0.5635892210969264, -0.5072370585703343, 0.6519798741343743], [0.7195034793827622, 0.08630724604536116, 0.6891050735817904], [-0.40581021798306016, 0.8574739796011192, 0.31631699493950766]], "fy": 549.4611100351103, "fx": 548.991135942836}, {"id": 63, "img_name": "r_62.png", "width": 400, "height": 400, "position": [-0.8752242482064297, -0.4217906263360166, -1.5238166334654442], "rotation": [[0.6338649111000161, -0.6861940643952897, 0.35686549351939584], [0.5820195079870467, 0.727049740122291, 0.3642141783492583], [-0.5093805716737582, -0.023159908825004415, 0.860229650630884]], "fy": 549.4611100351103, "fx": 548.991135942836}, {"id": 64, "img_name": "r_63.png", "width": 400, "height": 400, "position": [4.789469668904722, -0.09356045967084273, 0.8393491253666375], "rotation": [[-0.04325094663214279, 0.44605031664476463, -0.8939622311018115], [-0.8103942247223586, 0.5076453611107421, 0.29250194508650995], [0.5842863648520912, 0.7371128152215572, 0.33952045812304105]], "fy": 549.4611100351103, "fx": 548.991135942836}, {"id": 65, "img_name": "r_64.png", "width": 400, "height": 400, "position": [-3.4718350301824126, -0.33196861044577425, 3.1924453221917606], "rotation": [[-0.38398375718964495, -0.024663740506636594, 0.923010386788115], [0.7882527015609779, 0.5118276186583315, 0.3415994251464157], [-0.48084732784569373, 0.8587340616761183, -0.17709223196089985]], "fy": 549.4611100351103, "fx": 548.991135942836}, {"id": 66, "img_name": "r_65.png", "width": 400, "height": 400, "position": [4.673204015044499, 1.871884440405066, 0.21937011176886934], "rotation": [[0.39617989819990324, 0.2999249869389495, -0.8678055602910051], [-0.7754143027409954, 0.6154414274472791, -0.14129581906889974], [0.4917053460834142, 0.7288874066625972, 0.4763916466959338]], "fy": 549.4611100351103, "fx": 548.991135942836}, {"id": 67, "img_name": "r_66.png", "width": 400, "height": 400, "position": [-2.4047625619509927, -0.25158562459342493, -0.550459097318366], "rotation": [[0.16421618250286632, -0.7029791543785109, 0.6919923076981845], [0.7978854900233441, 0.5071471276502445, 0.32585354950700535], [-0.5800101638888694, 0.49862019556510156, 0.6441786323375114]], "fy": 549.4611100351103, "fx": 548.991135942836}, {"id": 68, "img_name": "r_67.png", "width": 400, "height": 400, "position": [-2.7788235228213587, -1.6323638782322334, 2.220502119424899], "rotation": [[-0.5656513813915348, -0.28117803148107756, 0.7752273404249066], [0.7181276829753666, 0.2941636841317753, 0.6306824540784789], [-0.40537778142651015, 0.9134586151273889, 0.035527633966719346]], "fy": 549.4611100351103, "fx": 548.991135942836}, {"id": 69, "img_name": "r_69.png", "width": 400, "height": 400, "position": [-1.0466007806883377, 4.412535276590064, -0.36335936453523665], "rotation": [[0.916370971918556, 0.08047742320889956, 0.3921576547495872], [0.2391947242232675, 0.6754360491348482, -0.6975471506879388], [-0.32101421421612436, 0.7330140025147968, 0.5997002137638787]], "fy": 549.4611100351103, "fx": 548.991135942836}, {"id": 70, "img_name": "r_7.png", "width": 400, "height": 400, "position": [0.29401364664427976, -1.0995094774589307, -1.4797248490059463], "rotation": [[0.8611523836226966, 0.49847672524348635, 0.09968714346132022], [-0.4734259245564847, 0.7149958192800812, 0.5144403486992866], [0.18516064954191988, -0.49020601057365215, 0.8517121585715908]], "fy": 549.4611100351103, "fx": 548.991135942836}, {"id": 71, "img_name": "r_70.png", "width": 400, "height": 400, "position": [4.600507524390973, 1.2507323755873667, -0.006279616227338501], "rotation": [[0.3203020800047946, 0.41699417588479254, -0.8506012196221947], [-0.7960206910645238, 0.6052618316801942, -0.0030289450795317856], [0.513573399760697, 0.6780663480731801, 0.5258026156923721]], "fy": 549.4611100351103, "fx": 548.991135942836}, {"id": 72, "img_name": "r_71.png", "width": 400, "height": 400, "position": [2.304014016098203, 1.5143204629867422, -1.8713296352176678], "rotation": [[0.7923266968543955, 0.5039193747845345, -0.3439239293340415], [-0.5549202623345335, 0.8295140115229271, -0.06300799264945449], [0.25353877001826675, 0.24077327178053817, 0.9368811683952878]], "fy": 549.4611100351103, "fx": 548.991135942836}, {"id": 73, "img_name": "r_72.png", "width": 400, "height": 400, "position": [3.979801307035134, -1.9527047180363621, 2.2002961400235947], "rotation": [[-0.5800494568197224, 0.39468590868067666, -0.7125767756053047], [-0.619092973400068, 0.3549223284908772, 0.7005383865465734], [0.5294020380861856, 0.8474981853830263, 0.03847476890990359]], "fy": 549.4611100351103, "fx": 548.991135942836}, {"id": 74, "img_name": "r_73.png", "width": 400, "height": 400, "position": [4.087415897075701, -1.2253139823314543, 0.5477952704419669], "rotation": [[-0.24723872647591044, 0.6284928693585905, -0.7374752370730665], [-0.7725050358529563, 0.3315805596582505, 0.5415628329552759], [0.5849008306648168, 0.7035986395823453, 0.40353435128310994]], "fy": 549.4611100351103, "fx": 548.991135942836}, {"id": 75, "img_name": "r_74.png", "width": 400, "height": 400, "position": [-0.31571253434125046, -3.0781186118908495, 3.3331719630743466], "rotation": [[-0.9714332956222567, 0.044233458306057426, 0.23315392624351733], [0.23723862795339562, 0.20556929160456303, 0.9494519997114064], [-0.005931742009865035, 0.9776424026787526, -0.21019073938031604]], "fy": 549.4611100351103, "fx": 548.991135942836}, {"id": 76, "img_name": "r_76.png", "width": 400, "height": 400, "position": [3.6755473951514057, 2.105559161613741, -0.9610758379433096], "rotation": [[0.6270249434656338, 0.43451013313949477, -0.6465606425317095], [-0.6855843856511106, 0.7018964631330392, -0.19317195757334732], [0.3698834551900203, 0.5643955166728634, 0.7379999528023451]], "fy": 549.4611100351103, "fx": 548.991135942836}, {"id": 77, "img_name": "r_77.png", "width": 400, "height": 400, "position": [0.782518193324101, -2.6704218210673143, 0.06188989320747757], "rotation": [[-0.9451323330366976, 0.326575677392785, -0.008555698922481304], [-0.17366370223087457, -0.4800675737139983, 0.8598697826972527], [0.27670524313079914, 0.8141765481784635, 0.5104417271541649]], "fy": 549.4611100351103, "fx": 548.991135942836}, {"id": 78, "img_name": "r_78.png", "width": 400, "height": 400, "position": [-3.6591611429948236, 1.7638524641364695, 1.4301184296546072], "rotation": [[0.2197791052155965, -0.09541864894848472, 0.9708719927691173], [0.7855719932512809, 0.6073880387308811, -0.11813726687994398], [-0.5784235371506254, 0.788653949358969, 0.20844941791873461]], "fy": 549.4611100351103, "fx": 548.991135942836}, {"id": 79, "img_name": "r_79.png", "width": 400, "height": 400, "position": [-1.5323378700723183, -1.9799861224290403, 0.11663399685250464], "rotation": [[-0.6007328951111532, -0.622987781286896, 0.5010052026662025], [0.6991788150959893, -0.10554321181444541, 0.7071135799578874], [-0.3876454220706601, 0.775078612017595, 0.4989831379320726]], "fy": 549.4611100351103, "fx": 548.991135942836}, {"id": 80, "img_name": "r_8.png", "width": 400, "height": 400, "position": [-1.350188332880059, 3.713086146806983, -0.8200067053290261], "rotation": [[0.8882614231747632, -0.012613312658064903, 0.45916505577333966], [0.2930302667314251, 0.7853559289818268, -0.54529746706949], [-0.35372999148906503, 0.6189159629197503, 0.7012974575486953]], "fy": 549.4611100351103, "fx": 548.991135942836}, {"id": 81, "img_name": "r_80.png", "width": 400, "height": 400, "position": [2.9125812823568857, -2.1943552644080686, 0.33487858072152893], "rotation": [[-0.5201232746721626, 0.7080515178016482, -0.4776346169229028], [-0.6557251308205136, 0.02728685075268884, 0.7545064483398539], [0.5472625804444572, 0.7056333863379642, 0.45009464796917]], "fy": 549.4611100351103, "fx": 548.991135942836}, {"id": 82, "img_name": "r_81.png", "width": 400, "height": 400, "position": [-3.6860447176930777, 0.20874268658405823, 2.0512047999001415], "rotation": [[-0.14931209164903161, -0.1824806690910248, 0.9718058986729208], [0.82227932855445, 0.5229181491841854, 0.22452909630119006], [-0.5491471616237621, 0.8326208108508207, 0.07197207943840347]], "fy": 549.4611100351103, "fx": 548.991135942836}, {"id": 83, "img_name": "r_83.png", "width": 400, "height": 400, "position": [-1.9853906184855532, 2.77218808213337, -0.9248148238926296], "rotation": [[0.7815966377302016, -0.17395325004273898, 0.5990383649553779], [0.4441306774495658, 0.8295170825693823, -0.3385991008165414], [-0.4380121427963314, 0.5306992335825906, 0.7256057374620306]], "fy": 549.4611100351103, "fx": 548.991135942836}, {"id": 84, "img_name": "r_84.png", "width": 400, "height": 400, "position": [3.08189971639417, -0.08465908125381255, -1.270504012505518], "rotation": [[0.3398050106761548, 0.7865715361576099, -0.5155945822310741], [-0.7941515512132913, 0.5336596451451103, 0.2907416324662118], [0.5038411142660958, 0.3106647737517928, 0.8059972269957548]], "fy": 549.4611100351103, "fx": 548.991135942836}, {"id": 85, "img_name": "r_85.png", "width": 400, "height": 400, "position": [-2.380858002629108, 3.7844619679848623, 0.2577019095825833], "rotation": [[0.7282950540325961, 0.028211651490479033, 0.6846827126427524], [0.5026716266477066, 0.6570708434580907, -0.5617643121813828], [-0.46573334649239656, 0.7533007429954208, 0.4643602486944163]], "fy": 549.4611100351103, "fx": 548.991135942836}, {"id": 86, "img_name": "r_86.png", "width": 400, "height": 400, "position": [2.3536069841638114, -1.2756511601601916, -1.0374280769054218], "rotation": [[-0.03688516772941531, 0.9342476123336579, -0.3547123951181173], [-0.8136855706226332, 0.17798330721501215, 0.5533875084543612], [0.5801338436620397, 0.30903614869730883, 0.7536188574048838]], "fy": 549.4611100351103, "fx": 548.991135942836}, {"id": 87, "img_name": "r_87.png", "width": 400, "height": 400, "position": [-0.1428683060297336, 1.2247906660011654, -2.0742330733879877], "rotation": [[0.9796730666577049, -0.04587583448038781, 0.1952846391199679], [0.04653009497989735, 0.9989161209843685, 0.0012383451475209667], [-0.19512978431456787, 0.007873439418114534, 0.9807458265142296]], "fy": 549.4611100351103, "fx": 548.991135942836}, {"id": 88, "img_name": "r_88.png", "width": 400, "height": 400, "position": [0.06395809734709651, -1.3640946722185507, -1.2703356959053973], "rotation": [[-0.5157211444665902, -0.8434431316798098, 0.15045060575559496], [0.7407655639261791, -0.3507422360125924, 0.5729277992714411], [-0.4304626353717594, 0.40691960815257094, 0.805678814447642]], "fy": 549.4611100351103, "fx": 548.991135942836}, {"id": 89, "img_name": "r_89.png", "width": 400, "height": 400, "position": [3.9255200887412043, 2.7690415371604535, -0.45530419460671495], "rotation": [[0.6458906737889664, 0.3008215838672321, -0.7016634607787731], [-0.6738564871491346, 0.6566133575720013, -0.3387865602190431], [0.35880729122951655, 0.6916395544918128, 0.6268110197044272]], "fy": 549.4611100351103, "fx": 548.991135942836}, {"id": 90, "img_name": "r_90.png", "width": 400, "height": 400, "position": [-1.532057861236394, 2.8197979543991942, -1.2288389310762213], "rotation": [[0.8545208517776263, -0.14184849342653888, 0.4996730118686231], [0.3486472745176689, 0.8697140260184254, -0.3493459473333315], [-0.3850184305311126, 0.47273303021837043, 0.792643860943814]], "fy": 549.4611100351103, "fx": 548.991135942836}, {"id": 91, "img_name": "r_91.png", "width": 400, "height": 400, "position": [1.320246260687925, -0.8917840534890129, -1.5872565834499828], "rotation": [[0.4133115169730688, 0.9017541394255034, -0.12654272782894377], [-0.7766257889430388, 0.42164124636482153, 0.4680502572507809], [0.4754218904152637, -0.09517421600879752, 0.8745947031174427]], "fy": 549.4611100351103, "fx": 548.991135942836}, {"id": 92, "img_name": "r_92.png", "width": 400, "height": 400, "position": [1.4063416568127005, 1.4267991505697244, -2.106713734060602], "rotation": [[0.9133640589866786, 0.380080884009905, -0.14596101315634938], [-0.389739526797777, 0.9199010961435751, -0.04341744540267172], [0.11776755496665335, 0.09654271036229649, 0.9883371429188919]], "fy": 549.4611100351103, "fx": 548.991135942836}, {"id": 93, "img_name": "r_93.png", "width": 400, "height": 400, "position": [-0.04495535440912187, 1.0103448625801346, -2.086575131900998], "rotation": [[0.9844709687777171, -0.024937979738397453, 0.1737671108133824], [0.016740160298673253, 0.9986836606293171, 0.04848415230981982], [-0.17474747113202457, -0.04482235110516137, 0.9835925366605666]], "fy": 549.4611100351103, "fx": 548.991135942836}, {"id": 94, "img_name": "r_94.png", "width": 400, "height": 400, "position": [-2.9739096270367456, 1.4714950565054992, -0.226268657121551], "rotation": [[0.4390041923599719, -0.37217035630847944, 0.8177802546990163], [0.7014203726547892, 0.710769363430018, -0.053069509457914756], [-0.5615022528139896, 0.5969054681392244, 0.5730786003597658]], "fy": 549.4611100351103, "fx": 548.991135942836}, {"id": 95, "img_name": "r_95.png", "width": 400, "height": 400, "position": [4.59544420099753, -1.1064365978981237, 2.719235445999985], "rotation": [[-0.46553696156625046, 0.23743312829218866, -0.8525848034096365], [-0.6857888336025609, 0.5121621814305308, 0.5170914576923111], [0.5594363351818531, 0.8254183239435049, -0.07560143766220466]], "fy": 549.4611100351103, "fx": 548.991135942836}, {"id": 96, "img_name": "r_96.png", "width": 400, "height": 400, "position": [-3.1474286602462676, 1.5655039086551965, 0.05251904270979189], "rotation": [[0.4009167017711652, -0.3264690997846595, 0.8559694650667887], [0.7197203589340218, 0.6903297203115941, -0.07380706057281569], [-0.5668054367918619, 0.6456491339267095, 0.5117311722798175]], "fy": 549.4611100351103, "fx": 548.991135942836}, {"id": 97, "img_name": "r_98.png", "width": 400, "height": 400, "position": [3.6721140183514804, 2.214377598661712, -0.9284520270491728], "rotation": [[0.6385962942206388, 0.4176514359394491, -0.6463451485587121], [-0.6785615204978256, 0.7017709780587232, -0.21696026653325728], [0.36297250020813754, 0.5771349689736527, 0.7315505393890668]], "fy": 549.4611100351103, "fx": 548.991135942836}, {"id": 98, "img_name": "r_99.png", "width": 400, "height": 400, "position": [2.5540683563812383, -2.0952947309928796, -0.12964065415423273], "rotation": [[-0.47508557439004756, 0.784447443741107, -0.39866766236368034], [-0.67989078230103, -0.03962677800151191, 0.7322419290147979], [0.5586073944628479, 0.6189280462810374, 0.5521646967872595]], "fy": 549.4611100351103, "fx": 548.991135942836}]